0
0.764041
1.49689
2.17186
2.76967
3.27931
3.6972
4.02548
4.27013
4.4393
4.54205
4.58746
4.5841
4.53977
4.46133
4.35476
4.22512
4.07671
3.91312
3.73732
3.55177
3.35849
3.15911
2.95498
2.74715
2.53648
2.32363
2.10912
1.89335
1.6766
1.45908
1.24091
1.02218
0.802892
0.583042
0.362575
0.141411
-0.0805552
-0.303446
-0.527401
-0.752576
-0.979135
-1.20725
-1.43712
-1.66892
-1.90286
-2.13915
-2.37798
-2.61959
-2.86418
-3.11199
-3.36324
-3.61817
-3.87701
-4.14
-4.4074
-4.67945
-4.9564
-5.23851
-5.52605
-5.81929
-6.11848
-6.42391
-6.73587
-7.05462
-7.38046
-7.71369
-8.05459
-8.40347
-8.76064
-9.12639
-9.50103
-9.88487
-10.2782
-10.6814
-11.0947
-11.5184
-11.9528
-12.3982
-12.8548
-13.3229
-13.8027
-14.2944
-14.798
-15.3138
-15.8416
-16.3814
-16.9331
-17.4963
-18.0706
-18.6552
-19.2494
-19.8519
-20.4611
-21.0753
-21.6918
-22.3077
-22.9191
-23.5212
-24.1084
-24.6735
-25.2078
-25.7009
-26.14
-26.5097
-26.7919
-26.9645
-27.0017
-26.8735
-26.5449
-25.9768
-25.1257
-23.9458
-22.3916
-20.4219
-18.0064
-15.134
-11.8222
-8.12577
-4.14067
0
