0
10.0404
11.908
11.9025
11.4407
10.8733
10.2961
9.73732
9.2043
8.69782
8.21624
7.75723
7.31836
6.89733
6.49209
6.10081
5.7219
5.35398
4.99584
4.64643
4.30483
3.97021
3.64186
3.31914
3.00148
2.68833
2.37925
2.07377
1.77149
1.47204
1.17505
0.880182
0.587113
0.295527
0.00512381
-0.284392
-0.573307
-0.861903
-1.15046
-1.43924
-1.72854
-2.0186
-2.30971
-2.60213
-2.89613
-3.19199
-3.48997
-3.79034
-4.09339
-4.39939
-4.70861
-5.02135
-5.3379
-5.65853
-5.98355
-6.31326
-6.64796
-6.98797
-7.3336
-7.68516
-8.043
-8.40744
-8.77883
-9.15752
-9.54385
-9.93821
-10.341
-10.7525
-11.1732
-11.6034
-12.0437
-12.4943
-12.9558
-13.4286
-13.9132
-14.41
-14.9195
-15.4423
-15.9788
-16.5296
-17.0954
-17.6766
-18.2739
-18.888
-19.5194
-20.1691
-20.8376
-21.5257
-22.2345
-22.9646
-23.7172
-24.4933
-25.2939
-26.1205
-26.9743
-27.8568
-28.7698
-29.7151
-30.6949
-31.7116
-32.7679
-33.867
-35.0125
-36.2086
-37.4601
-38.7726
-40.1526
-41.6078
-43.1467
-44.7794
-46.5168
-48.3707
-50.3525
-52.4699
-54.7189
-57.0616
-59.3577
-61.1267
-60.6157
-50.7398
-50.7398
