0
-1.11145
-1.37625
-1.42651
-1.41285
-1.37633
-1.33024
-1.27975
-1.22724
-1.17392
-1.12047
-1.06729
-1.01462
-0.962601
-0.911306
-0.860773
-0.811013
-0.762017
-0.713766
-0.666233
-0.619382
-0.573179
-0.527585
-0.482559
-0.438061
-0.39405
-0.350487
-0.30733
-0.264541
-0.222078
-0.179904
-0.137979
-0.0962645
-0.0547229
-0.0133158
0.0279944
0.0692453
0.110474
0.151719
0.193017
0.234406
0.275923
0.317606
0.359493
0.401621
0.44403
0.486758
0.529844
0.573327
0.617247
0.661645
0.706561
0.752037
0.798113
0.844834
0.892242
0.940381
0.989296
1.03903
1.08964
1.14115
1.19363
1.24713
1.30168
1.35735
1.41418
1.47224
1.53156
1.59222
1.65426
1.71775
1.78275
1.84932
1.91751
1.9874
2.05906
2.13255
2.20794
2.2853
2.36471
2.44625
2.53
2.61603
2.70443
2.79528
2.88868
2.98472
3.08349
3.18509
3.28962
3.39719
3.5079
3.62188
3.73922
3.86006
3.98451
4.11271
4.24478
4.38086
4.52107
4.66555
4.81443
4.96782
5.12582
5.28851
5.45593
5.62805
5.80477
5.98584
6.17081
6.35893
6.54896
6.73885
6.92513
7.10165
7.25652
7.36382
7.35702
7.03078
5.63199
0
